4 2 2 4 4 2 preloaddata 0 0

[
0: sound/weapons/smg_silenced/gunother/smg_silenced_deploy_1.wav 
    119 97 118 0
    w   a  v    ---> extension
    115 111 117 110 100 47 119 101 97 112 111 110 115 47 115 109 103 95 115 105 108 101 110 99 101 100 47 103 117 110 111 116 104 101 114 0
    s    o   u   n   d  /   w   e  a   p   o   n   s  /   s   m   g   _  s   i   l   e   n  c   e   d   /  g   u   n   o   t   h   e   r      ---> path
    115 109 103 95 115 105 108 101 110 99 101 100 95 100 101 112 108 111 121 95 49 0
    s    m   g   _  s   i   l   e   n   c  e   d   _  d   e   p   l   o   y   _  1        ---> filename
    75 101 69 91
    CRC Checksum: 4 bytes

    0 0
    PreloadBytes: 2 bytes

    255 127
    ArchiveIndex: 2bytes

    145 186 76 1
    EntryOffset: 4 bytes

    64 175 1 0
    little-endian: EntryLength 4 bytes
    255 255 2bytes
    Terminator: the path of next file doesn't same, layer 3 forloop ended -> layer 2 forloop running, and it will get new path.

    if ArchiveIndex = 0x7fff & EntryLength = 0
    preloadData
    []]

    0

1: sound/weapons/smg_silenced/gunfire/smg_fire_1_incendiary.wav 
    115 111 117 110 100 47 119 101 97 112 111 110 115 47 115 109 103 95 115 105 108 101 110 99 101 100 47 103 117 110 102 105 114 101 0
    s    o   u   n   d  /   w   e  a   p   o   n   s  /   s   m   g  _   s   i   l   e   n  c   e   d  /   g   u   n   f   i   r   e        ---> path
    115 109 103 95 102 105 114 101 95 49 95 105 110 99 101 110 100 105 97 114 121 0
    s    m   g   _  f   i   r   e  _   1  _  i   n  c   e   n   d   i  a   r   y            ---> filename
    163 181 187 235
    CRC Checksum: 4 bytes
    0 0
    PreloadBytes: 2 bytes
    255 127
    ArchiveIndex: 2bytes
    237 134 72 1
    EntryOffset: 4 bytes
    164 51 4 0
    little-endian: lowest - highest
    255 255
    Terminator: same path, there's zero 0.

    preloadData
    []

2: sound/weapons/smg_silenced/gunfire/smg_fire_1.wav 
    115 109 103 95 102 105 114 101 95 49 0
    s    m   g   _  f   i   r   e   _  1
    180 28 12 38
    CRS Checksum
    0 0
    PreloadBytes
    255 127
    ArchiveIndex
    65 18 71 1
    EntryOffset
    172 116 1 0
    Little-endian
    255 255 0 0
    Terminator: ending layer 3, layer 2 forloop, layer 1 forloop running and it get new extension.

    118 118 100 0
    v    v   d
    109 111 100 101 108 115 47 119 95 109 111 100 101 108 115 47 119 101 97 112 111 110 115 0 119 95 115 109 103 95 97 0 40 94 177 108 0 0 255 127 193 57 65 1 128 216 5 0 255 255 0 109 111 100 101 108 115 47 118 95 109 111 100 101 108 115 0 118 95 115 105 108 101 110 99 101 100 95 115 109 103 0 243 94 102 237 0 0 255 127 246 212 57 1 128 216 5 0 255 255 0 0 109 100 108 0 109 111 100 101 108 115 47 119 95 109 111 100 101 108 115 47 119 101 97 112 111 110 115 0 119 95 115 109 103 95 97 0 57 156 174 75 0 0 255 127 1 45 65 1 192 12 0 0 255 255 0 109 111 100 101 108 115 47 118 95 109 111 100 101 108 115 0 118 95 115 105 108 101 110 99 101 100 95 115 109 103 0 19 11 180 98 0 0 255 127 234 236 54 1 12 232 2 0 255 255 0 0 118 116 120 0 109 111 100 101 108 115 47 119 95 109 111 100 101 108 115 47 119 101 97 112 111 110 115 0 119 95 115 109 103 95 97 46 100 120 57 48 0 231 47 81 241 0 0 255 127 118 173 63 1 139 127 1 0 255 255 0 109 111 100 101 108 115 47 118 95 109 111 100 101 108 115 0 118 95 115 105 108 101 110 99 101 100 95 115 109 103 46 100 120 57 48 0 175 159 197 43 0 0 255 127 47 109 53 1 187 127 1 0 255 255 0 0 118 116 102 0 109 97 116 101 114 105 97 108 115 47 109 111 100 101 108 115 47 119 101 97 112 111 110 115 47 109 112 53 107 95 115 100 0 119 101 97 112 111 110 95 109 112 53 107 95 110 109 0 121 134 117 117 0 0 255 127 239 22 224 0 64 86 85 0 255 255 119 101 97 112 111 110 95 109 112 53 107 95 100 109 0 19 50 212 112 0 0 255 127 103 107 181 0 136 171 42 0 255 255 115 117 114 101 102 105 114 101 95 110 111 114 109 97 108 0 122 228 61 194 0 0 255 127 213 189 170 0 96 171 10 0 255 255 115 117 114 101 102 105 114 101 95 103 108 111 115 115 0 95 195 124 207 0 0 255 127 221 103 165 0 248 85 5 0 255 255 115 117 114 101 102 105 114 101 95 100 105 102 102 117 115 101 0 94 147 220 121 0 0 255 127 229 17 160 0 248 85 5 0 255 255 115 105 108 101 110 99 101 114 95 110 109 0 230 216 55 72 0 0 255 127 37 184 138 0 64 86 21 0 255 255 115 105 108 101 110 99 101 114 95 100 109 0 100 190 167 71 0 0 255 127 157 12 128 0 136 171 10 0 255 255 97 95 108 97 115 101 114 102 108 97 115 104 95 110 109 0 246 190 176 68 0 0 255 127 148 180 42 0 64 86 85 0 255 255 97 95 108 97 115 101 114 102 108 97 115 104 95 100 109 0 47 232 178 210 0 0 255 127 12 9 0 0 136 171 42 0 255 255 0 0 118 109 116 0 109 97 116 101 114 105 97 108 115 47 109 111 100 101 108 115 47 119 101 97 112 111 110 115 47 109 112 53 107 95 115 100 0 119 101 97 112 111 110 95 109 112 53 107 0 138 53 162 133 0 0 255 127 53 105 181 0 50 2 0 0 255 255 115 117 114 101 102 105 114 101 0 191 115 100 119 0 0 255 127 101 14 160 0 128 3 0 0 255 255 115 105 108 101 110 99 101 114 0 50 9 121 64 0 0 255 127 212 10 128 0 201 1 0 0 255 255 97 95 108 97 115 101 114 102 108 97 115 104 0 24 122 242 78 0 0 255 127 228 6 0 0 40 2 0 0 255 255 0 0 116 120 116 0 32 0 97 100 100 111 110 105 110 102 111 0 80 184 83 224 0 0 255 127 0 0 0 0 228 6 0 0 255 255 0 0 0]

